[ 4.19544163e+00 -1.82715040e+00 -3.16598880e+00 -4.35032361e+00
  2.60208288e+00  1.32353427e+01 -6.53958189e+00  2.29379886e+00
 -1.59034529e+00 -3.15727183e-01 -1.57201544e-01 -3.71907202e-01
  1.74876889e-01 -6.95864571e-01  4.93260534e-01  9.21782166e-02
 -1.26262775e+00 -3.18160968e+00  7.47093746e-01 -1.97734336e+00
  2.56286451e-02  6.07031357e-01  1.18750626e+00  6.27774328e-02
  2.42038884e+00  1.48760958e+00 -1.24286867e-02  2.00502575e+00
 -4.04831036e-01 -3.50581709e-02  1.86625403e+00  1.68883478e+00
  3.36094386e-01 -5.65947907e-01  2.01430865e+00  1.93062816e+00
  6.60086141e-01 -7.05366326e-01  1.24926275e+00  6.16269057e-01
  1.13903448e+00 -3.57224680e-02  1.06583391e+00  2.04610928e+00
  3.85983967e-01  5.52504198e+00 -2.81117424e-01  1.15720009e-01
 -1.07539603e-01  1.92212616e+00  7.71378940e-01 -1.48407149e+00
  3.28528848e-01  2.52664244e+00 -1.33678419e-01  1.07893716e-01
  3.90434691e+00 -4.94487720e+00  5.19576478e+00  5.48444684e-01
  5.94100060e-01 -1.74724918e-02 -1.09578633e-02 -3.07537146e+00
  1.83673784e+00  7.96083556e-01 -2.10288308e-01  5.39514098e+00
 -3.63277329e+00 -1.00154541e+00  4.87185745e-01  5.14911763e-01
  2.65520383e-01 -1.54163456e+01 -4.68951712e+00 -1.36997742e+00
  5.54726446e+00 -1.90885762e+00 -5.70017345e-02  3.63062183e+00
  5.35133763e-01  4.66412131e-01  1.71098273e+00  1.01549031e+01
 -1.16061576e-01  2.38030292e+00 -3.01408548e-01 -1.72696363e-01
 -3.29428864e-01  1.48859567e+00 -1.92154445e-02 -5.60574797e-01
 -2.55547868e+00 -9.24520021e+00  3.20937887e+00 -4.66511342e+00
  6.79591668e-01  5.02317562e+00  4.64155985e-01  7.64395333e-02
  2.69324920e+00 -2.33689651e+00 -3.35600472e-01  5.07394776e-01
  9.27782906e-01 -3.09204187e-01  3.20339977e+00 -1.01055460e+00
  3.33339416e-01 -2.35158303e+00  1.04286234e+00 -8.09713199e-01
  1.40268560e+00 -2.17143863e-01  1.55414128e+01  3.48340230e-01
  2.88031609e-01  1.07267952e+00 -4.02443557e-01 -4.13562713e-01
  8.03575897e-01 -1.30182875e+00 -7.16779563e-02 -2.02212942e+00
  2.10800700e+00  1.09197779e+01  7.02585367e-01  2.41346145e+01
  2.89379391e+00  2.00531630e+00  8.69575258e-01  5.91926960e-01
  5.23046963e-01 -6.09711647e-01  3.73752776e+00  6.59873917e-01
 -1.10249450e+00  1.95740802e-01  3.11228323e-01  1.54640515e-01
  2.15784559e+00 -2.60464439e-01 -3.89143906e-01  6.12376821e+00
  6.07503297e-02 -9.21002417e-02  1.18440475e+00  3.40613944e+00
 -1.20031167e-01 -2.21166086e+00 -8.28806444e+00 -4.89707472e+00
  1.32674898e-01 -2.97448684e+01  1.26021246e+00 -1.26763244e+00
  1.03305369e+01 -5.69953577e+00 -6.11380749e-02  9.82596076e-01
 -6.72168417e-01  2.71088922e-01  5.19265396e+00  2.96967024e-03
 -6.85993601e+00  1.31222978e-02  7.84706870e-01 -1.17095906e-01
  1.07657450e-01 -1.77095986e+00  2.30303908e+00 -1.99650381e-01
 -4.96018935e-01 -4.11929304e+00  1.42094692e+00 -2.49497903e+00
  2.30430642e+00 -1.34738181e+00 -3.79762859e+00  8.90160576e-01
 -2.92837662e+00 -2.04625441e+00 -4.54342985e-01 -8.10302959e-03
  7.76068807e-01  6.44537482e-01 -2.38487064e+00 -8.85039475e-01
 -2.16259240e+00 -3.03812680e-01  3.93149753e-01  1.62471293e+01
 -1.49625941e+00  2.70798926e+00  1.79561632e+00  1.17702938e+00
 -4.47424488e-02  1.21538521e+01  4.61572860e-01 -8.79748843e-02
 -2.04172893e+00  7.17615251e-01 -1.09813740e-01  2.07971488e+00
 -6.09023357e+00 -4.78254458e-01  3.04084336e+00 -3.55609204e+00
  1.84039067e+00 -3.48021380e-01 -1.28497901e-03 -4.58478947e-01
  4.95045118e-01 -5.24554154e-01 -1.43347310e-02 -2.46800258e+00
 -2.35809230e+01  5.69970647e-01 -1.18535489e+00 -2.87908993e-01
  4.43815167e-01  1.51772334e+00 -6.60445555e-01  2.13768103e+00
  4.96925663e-02 -3.39003546e+00 -3.21721018e+00 -5.76574088e-03
 -1.04364905e+00 -2.20419566e+00  6.39443114e-02  4.75330096e+00
 -9.93421442e-01 -4.77082397e-01  2.20759733e+00  2.84925718e-01
  1.63990874e+01  1.53679422e+00  1.07533667e+00 -4.46310515e+00
 -1.31123852e+00  3.02956846e-02 -3.47980031e-01 -1.62735626e-01
  3.31512933e-01  2.53286842e-01  1.28527614e+01  5.36441632e-01
  1.75105017e-02  9.10424449e-02 -1.49687823e+01 -9.39583149e+00
 -1.26996113e-02  2.19119617e-01 -8.94276811e-01 -3.49761880e+00
  5.69084892e-01  8.04703683e-01 -7.54489406e-01 -3.36842487e-01
  1.35916729e+00  4.10802239e-02 -4.28718486e-01  8.76937062e-01
 -4.15486280e+00  1.23530261e-01  4.37645928e-01  2.02062589e-01
  3.89192115e-01  1.61724319e+00 -4.55127064e-01  8.79937228e-01
 -1.37218172e+00  7.21240363e-01 -8.47483578e-01  1.58990404e+00
  1.82606491e+00  1.97889966e-01  5.01541947e+00 -4.67651410e-01
  1.24802064e-01 -2.93130422e-01  2.17669602e-01 -2.73746518e+00
  1.31096836e+00 -9.24665232e-01 -9.16655795e-01  2.80412499e+00
 -7.39029654e-01  7.89403163e-01 -4.94886129e+00  8.63866346e-01
  7.87662316e-01 -2.46546872e+00  2.71438769e-01  8.69301841e-01
  3.79478369e-01 -1.24712523e+00 -4.20507798e-01  7.55525520e-02
 -4.46920727e+00 -9.66709350e-01  1.35151157e+00  1.41891857e+01
 -5.59029237e-01  1.69132633e+01  5.16705372e+00  5.11306053e-02
 -2.69260017e-01  3.42183450e+00 -2.12653538e-01 -1.09443931e+00
 -2.00660674e-01 -2.35659977e-01  2.23128817e+00 -2.27819917e+00
  1.05383099e+00 -7.39389481e+00 -7.58515603e-01  3.49414041e-01
  1.57727010e+00 -1.54188984e+00  3.33053341e-02 -1.84064053e-01
 -1.54820936e+00  1.71983801e+01 -2.29684263e-01  1.42999980e-02
  4.25024294e-01 -1.29687565e+00 -3.62028972e+00  5.16140124e-01
 -8.61193504e-01 -7.06783120e-01  6.35703206e+00  1.13736796e+01
  3.09823848e-01 -1.09759689e+00 -5.38338588e-01 -1.21394239e+00
  4.53920833e-01  4.06055131e-01  4.10498879e+00 -3.94145107e-03
 -9.97954497e-01  1.22897875e+00 -2.18668983e-01  5.38303003e+00
  6.22575399e-01 -6.28390474e-01  1.08605875e+00  4.37180607e-01
 -6.14276594e+00  8.28318978e-01  4.61372899e+00 -1.35181101e-01
 -7.05380559e+00  1.65532487e-01 -3.91866567e+00  4.10032349e+00
  2.02083570e+00 -2.01114115e+00  4.26498859e+00 -1.54058854e+00
 -2.32516398e+00 -9.59985474e-01 -2.91966340e-02  9.61866428e-01
 -3.91705518e+00 -3.77816057e-02 -5.98364344e-01  4.02834094e-01
 -1.64189208e-01  3.81697253e+00 -6.55036436e+00  3.35521769e+00
 -6.20271457e-01 -7.14207123e-02  1.51583078e+00 -9.25905925e-01
  1.78972513e-02  2.41933757e+00 -2.43739714e+01  6.19986924e+00
  2.63578198e-01  5.68448667e+00 -1.08754915e+01  5.10052214e-01
  1.96316625e+00  1.49672211e+00 -8.75293191e+00  5.80877288e-01
 -3.86863147e+00 -1.02136146e+01  7.94903309e-02  1.16658063e+00
 -1.00892698e-02  6.56034542e-01 -1.03255036e+00 -3.42288230e-01
  2.10962837e+00  1.49978058e-02  3.88708551e-01 -6.98607763e-01
  1.74457113e+01  1.62229793e+00 -7.26888828e+00  1.15135263e+00
  3.92914780e-01  3.51418614e-01 -3.51831088e-01  6.18877661e+00
  9.42273800e-01  1.36287821e+00  8.75542888e-01  5.20772043e+00
 -1.52685668e-01  5.51856042e+00  2.91008733e+00  3.57756822e-01
 -1.14520714e+00  4.61120377e-02  5.19117606e-01 -1.89082405e-01
  7.82509521e-01  1.40708319e-01 -3.74422709e-01  2.07704447e-01
  8.84110374e-01 -6.31590219e-01  2.08812427e+00  2.64471163e-03
 -1.82923312e-01  9.25079301e-01  1.67252062e+00  4.97487901e-01
 -4.01445562e-01  2.53624348e-01  1.04525453e+01 -2.87065133e-01
 -7.69243835e-01 -4.51982025e-02  2.07506228e+00 -1.33990945e+00
  4.13189965e-01 -2.34212188e+00  1.42449924e+00 -4.89075370e-01
 -3.21618859e+00  1.64823218e+00 -7.80518963e-01 -3.26137436e-01
 -2.37077318e-02 -3.50433551e+00 -2.03274798e-01  2.45328130e+00
  6.43562943e-01 -7.63254362e-01  2.69583991e-01  1.50236595e-01
  1.04080214e+00  2.35831818e+00  1.13687303e+00  6.14635334e+00
  6.47397012e-01  2.03634591e-01  1.70357413e+00 -3.30272948e+00
  9.37895040e-01  2.49580847e+00  3.38076575e-01 -6.42016318e+00
 -3.32706722e+00 -3.94061926e-01 -3.81789316e-01  9.31560130e-01
 -1.20060806e-01 -8.00078718e+00  1.63451966e+00 -2.08031662e+00
  4.35289073e+00 -4.11120245e+00 -1.71338314e-01 -6.60644259e-01
 -2.74675923e+00  4.35062979e-02 -3.39403323e-02  3.81103769e-01
  6.91174971e-01 -5.59566135e-01  4.11905754e-02  2.15634210e-02
 -3.37910859e-01 -9.25543102e-01  5.61199388e-01 -1.50714375e-01
 -5.70887529e+00  6.00866988e-01 -1.53907604e+00  3.38990789e+00
  1.47168954e+01  3.45493011e-01 -1.60392531e-02 -2.59951593e+00
  1.45934323e-01 -1.80917681e-01  2.00486840e+00 -3.15078829e-01
  5.25227250e+00 -2.85190202e-01 -2.43343170e+00 -1.17041270e+01
 -3.97483310e+00  7.48990963e+00  1.28238134e-01  6.71115260e-02
 -4.87761051e-01 -5.70620035e-01 -2.37942855e+00 -1.64326724e+00
  1.13588428e+00  1.81429033e-01 -6.35796046e-01  1.36695281e+00
 -8.48930118e-01  1.40059818e+00  1.04828706e+00 -1.16835657e-01
  8.10856427e-02  3.17440785e-01 -7.02562166e-02  3.76128998e+00
 -5.35459858e+00  1.49357348e+00  1.96295417e-02  6.23192619e-03
  5.98269612e-01  1.54652187e-01 -1.32177473e+00 -1.06969894e-01
 -9.64759384e-02 -5.25646446e-01  3.97712097e-01  3.42323222e-01
 -3.48474768e+00 -5.70958171e+00  3.97849059e+00 -5.33168437e-01
 -5.47876567e-01 -8.01213510e-01 -2.39487832e-02  3.59578696e+00
 -2.27527099e-01  5.44387274e-01  2.22121682e+00 -3.02747204e-02
  1.04855454e+00  2.94128727e+00 -8.74685740e-01  3.84234710e+00
 -6.61048292e+00 -8.53186802e-01 -1.05869508e-02  2.35596249e+00
 -7.18421653e-01 -1.09208729e-01  4.99359723e-01 -4.13930712e-01
 -3.72418654e+00  2.67714088e+00 -2.12071281e+01 -3.22576833e-01
  3.60181454e+00  6.42675478e+00  3.47423382e+00 -8.89864065e-01
 -3.22528013e-01  1.77088851e+00  6.39522566e-01  5.90534307e-01
  6.20294125e-01 -2.23079134e+00 -1.30943730e+00 -2.89528538e-01
 -6.02445755e-01 -1.57265947e+00  1.22449519e-01  8.73463108e-02
  6.60884465e+00  2.46852165e-01  2.97185478e-01 -2.97803803e+00
 -1.29060788e-01  1.94519755e+00  7.72758654e-01  3.76072197e-01
 -3.88977790e-01  2.41863408e-02  7.79482362e+00 -3.70143924e+00
 -4.27531217e+00 -2.10539785e-01  3.38540251e+00 -2.29550131e+00
 -6.79514912e-02  1.64556031e+00 -2.04912807e-01 -1.27204949e-01
 -3.20095626e+00 -4.50759730e+00  1.00083636e+00 -5.04815569e-01
  8.45464826e+00  1.46247781e-01 -3.66710069e-02  7.60952895e+00
  8.90650215e-01  5.43284724e+00  7.46139604e-01 -3.11893884e-01
 -6.07581883e-01  2.86695979e+00  8.03548952e-02  4.03327165e-01
  1.42861658e+00  4.16905243e-02  9.20067045e-01  2.31102862e-01
  8.88070658e-01  4.70997680e-01 -3.46566426e-01 -1.02372713e+00
  2.12960577e+00  4.72562023e-01 -1.71489348e+00  2.89927784e-01
  4.70576525e-01  5.23292759e-01 -9.57478638e+00  4.67032421e-02
  1.77476076e-01 -1.16150444e+00  1.60950113e+00 -6.28936168e-01
 -1.28178168e-01 -1.21919550e+00  6.82460987e+00 -2.36176777e-02
 -5.40556732e-01 -1.38751273e-02 -3.82170939e-01  1.40441833e-02
 -1.22150911e+00  6.64242304e-01  2.55551244e-01  1.83343659e+00
  1.33420867e-01 -2.41170621e-01 -2.37432177e+00  2.40650487e+00
 -7.35468791e-01  1.65640123e+00  1.56374781e+00  7.45460944e+00
 -1.64544407e+00  1.25149047e-01 -2.22636945e-01 -1.74372403e+00
 -4.39721764e-01 -2.37195570e+00 -2.48561849e+01  8.81006963e-01
  1.32854837e+00 -2.57352638e-01 -9.39412950e-02  1.71744145e+00
 -1.49856398e+00  2.24205649e+00 -1.66019529e-01 -5.68250319e-01
 -4.20050146e-01  4.80768761e-01  4.07324961e-01  5.52855744e-01
 -7.42035646e+00 -2.00326573e+00 -8.04663629e-01  8.22051231e-01
  1.46794615e+01 -2.52890411e-01  4.32682933e+00 -2.62501291e-02
  1.51797692e+00  2.16464059e+00  3.38392906e-01  9.56454068e-01
 -7.41553546e-01  8.98385810e-01  8.51501277e-01  2.93961261e-01
 -1.87013007e-01 -1.66640859e-01 -3.01817313e-01  3.20041891e-01
 -1.99792304e+00 -2.24475349e-01  1.02867412e+01 -6.11428229e-01
 -1.01296078e+00 -6.38235243e-01 -9.32709115e-01 -3.43259858e-01
 -2.17899206e+00  2.01710319e+00  5.59666465e+00  1.58978035e+01
 -1.63126519e-01 -1.79894309e-01 -4.24154011e-02 -1.88871969e+00
  1.17437078e+00  1.76216254e-01 -7.05134337e-02 -4.26555519e-01
 -9.72165788e-03  1.10191107e-01 -4.72007932e-02  9.91329089e-01
  2.02681773e-01  4.65966266e-01  2.57593065e-01 -2.32237234e+00
 -2.53355163e+00  7.31487073e+00  2.58811557e-01  8.25555449e-01
  1.80185968e+00  5.62220481e-01  1.38139563e+00  5.37374728e+00
  7.19524920e-01 -7.43392040e-02  3.41101912e-01 -2.89451231e-01
  3.16720686e-01 -5.03038080e-01 -1.04657124e+00  6.51924591e-01
 -6.67141296e-01  1.25271632e+00  2.07038781e-01 -6.47785384e-02
  2.01391614e+00  5.41812280e-01  8.45004095e-01  6.76679849e-01
 -3.54790262e+01  2.13648738e-01  4.04481062e-01 -2.16524357e+00
  9.84202717e-01 -9.54794077e-01  2.41841060e+00 -1.32714188e+01
 -3.29566607e-01 -1.40007596e-01 -1.25676414e-01 -8.81163702e-01
  9.31279894e-01 -3.32268995e-01  6.74116070e+00  1.05943219e+00
 -2.79162776e-01  3.33368471e+00 -3.18449219e+00 -2.94880742e-01
  1.13275765e+00  1.09533191e+00  3.24070806e+00  6.18678806e-01
  2.81162960e+00 -6.20628936e-02  8.29459814e+00  1.53242885e-03
 -2.53703461e+00 -3.67211337e-01  7.13182636e+00  2.59711705e-01
  7.24957313e-02 -9.16574137e-01 -1.77581516e+00  1.57739751e+01
 -6.73706104e-01 -1.04460730e+01  5.49394252e-01  1.73455601e-01
  7.59144681e-01  9.14091010e+00 -9.16921003e-01 -8.10917365e+00
  2.84393902e-02  1.39032918e+01  1.06033736e-01 -2.95921075e+00
 -3.14017093e-01 -2.58159639e-01  1.22372320e-02  8.80486599e-01
 -3.09550194e+00 -9.21300692e-01  1.76028447e+00 -2.73501669e+00
 -2.23710518e-01 -5.36388275e-02 -1.48274990e-01  2.50692181e+00
 -3.50706914e+00  7.33009721e-01  3.75289764e+00 -1.66544999e+00
 -1.17191818e-01  6.14574269e-01  6.36527135e-01 -6.17257355e-01
  5.90977145e-01 -4.25275653e-02 -3.56841995e-01  2.82982259e+00
  5.46167648e+00  5.72528099e-01 -1.05945532e+00 -4.57690118e+00
  2.51003100e+00  8.93991191e-02 -4.42722868e+00  6.26192472e+00
 -3.99648223e-01  1.74351631e-01  2.90338381e-01 -5.08277219e-01
 -7.79775988e-01  3.65091776e-01  3.33719673e+00  7.92894120e-01
 -1.48009005e+00 -5.22313158e-02  5.92031640e-01  2.97327061e-01
  6.13537572e-01 -2.72003919e-02  4.83194518e+00 -5.91998918e-03
  8.30749703e-01  1.70741565e-01 -3.73783462e+00  4.37902317e-01
  2.40484683e+00  1.53314760e+01  1.41064144e+00  2.29550459e+00
 -2.23179659e-01  7.33999639e-01 -1.88964167e-01  5.02312035e-02
 -7.93185945e-01 -2.85208745e-01  5.98454220e+00 -4.31004195e-01
 -1.45264030e+00 -4.56021826e-02  1.53175665e+00 -5.15107582e-01
 -5.50044494e+00 -7.70319015e+00  1.84895841e+00 -1.17437943e+00
  4.48003100e-02  9.20221337e-02  1.17979598e+01  5.07504289e-02
 -2.91622760e-01 -2.41487644e+00  7.70266538e-02  2.99502904e-01
 -8.35291395e-01 -4.59966893e+00  3.05566764e+00  4.12153284e+00
 -1.23905298e+00  2.14858378e-01 -5.32893924e-01 -1.41340441e+00
 -1.99428333e-01  1.65662824e+00  3.94438197e-02  1.58205711e+00
  7.67381455e-01 -2.90963320e+00  2.31263881e+00  8.69944445e-02
 -4.97127289e-01  9.70418906e-01  1.35646772e+00  1.31839846e+00
  1.84843688e+00 -9.68458768e-02  5.15041019e+00  1.71947481e-01
  7.48755718e-01 -1.18461742e-02  2.14014952e+00 -2.00379724e+00
  1.16595662e-01  3.37236112e-01  5.52257936e-01 -2.63593735e-01
  5.33157544e-03  2.82869274e-02 -8.46503415e+00  7.86782951e-01
 -2.71877247e-02  1.24458442e-01  1.67473800e-01  5.90330504e-01
  1.18325466e+00 -4.00958182e-01 -1.62371017e+00  2.08399795e-01
 -1.94410052e+00  2.05605885e-02  9.48453798e-01  2.20594022e+00
 -6.60851727e+00  4.50562294e-01  7.06532070e+00  4.28378762e-02
  1.64632556e-01  7.98704111e-01  6.64081210e-02  5.25264230e-02
 -1.03709284e-02 -7.51333427e-01  1.56085832e-02  3.08313258e+00
  5.26661786e-02  3.87883194e+00 -1.25933335e+00  6.54271252e-01
  4.57270280e-02  1.06862818e+00 -8.99859037e-01 -8.11357783e-01
  4.83128120e+00  2.13244900e+00  1.15479500e+00 -1.25141845e+00
 -5.75952077e+00 -6.25419397e-02 -6.89599748e-01  1.14345950e+00
 -1.86057267e-01 -1.02578966e+00 -5.17876939e-01  5.72224418e+00
  2.96795602e-01  2.30247257e-01  2.16563871e+00  5.05884124e-01
  8.76010944e-04 -3.76218959e+00 -2.56804569e-01 -8.12366880e-02
  3.49996031e+00 -1.09957705e-01 -9.79050835e-01 -2.65612107e-01
 -5.66218644e-03 -1.40356244e-01  4.42126214e-01  3.95768505e+00
 -8.66476700e-01  2.73616904e-01  3.63914795e-01  1.32173084e+00
 -2.67820193e-01  1.21592100e-01 -9.90477770e-02  8.93243030e-02
  3.37917270e-01  2.75680221e-01 -4.53532915e-02  7.46163696e-01
  2.66255021e+00  1.71663438e+00  3.06520253e+00 -4.71120304e-01
  4.14715180e+00 -1.36201794e+00  1.61734599e+00 -1.01117250e-01]